0    0              -17.28         3.87469        
1    0.007          -14.435        3.93666        
2    0.014          -11.8252       3.99639        
3    0.021          -9.3981        4.01865        
4    0.028          -7.11855       3.98772        
5    0.035          -4.96192       3.90322        
6    0.042          -2.90951       3.77344        
7    0.049          -0.946529      3.61052        
8    0.056          0.938908       3.4267         
9    0.063          2.75636        3.23205        
10   0.07           4.51351        3.03367        
11   0.077          6.2166         2.83599        
12   0.084          7.87078        2.6416         
13   0.091          9.4804         2.452          
14   0.098          11.0492        2.26828        
15   0.105          12.5807        2.09146        
16   0.112          14.0781        1.92259        
17   0.119          15.5443        1.76267        
18   0.126          16.9821        1.6126         
19   0.133          18.3941        1.47303        
20   0.14           19.7829        1.34428        
21   0.147          21.1507        1.2264         
22   0.154          22.4993        1.11918        
23   0.161          23.8308        1.02219        
24   0.168          25.1466        0.934844       
25   0.175          26.4482        0.856492       
26   0.182          27.7369        0.786423       
27   0.189          29.0137        0.723913       
28   0.196          30.2798        0.668255       
29   0.203          31.536         0.618765       
30   0.21           32.7831        0.574799       
31   0.217          34.0218        0.535759       
32   0.224          35.253         0.501092       
33   0.231          36.4771        0.470293       
34   0.238          37.6949        0.442904       
35   0.245          38.9069        0.418513       
36   0.252          40.1137        0.39675        
37   0.259          41.3158        0.377287       
38   0.266          42.5137        0.359831       
39   0.273          43.7081        0.344126       
40   0.28           44.8994        0.329949       
41   0.287          46.0881        0.317105       
42   0.294          47.2747        0.305427       
43   0.301          48.4597        0.294771       
44   0.308          49.6435        0.285015       
45   0.315          50.8267        0.276057       
46   0.322          52.0096        0.267809       
47   0.329          53.1926        0.260201       
48   0.336          54.376         0.253172       
49   0.343          55.5603        0.246674       
50   0.35           56.7457        0.240667       
51   0.357          57.9324        0.235118       
52   0.364          59.1208        0.230001       
53   0.371          60.311         0.225296       
54   0.378          61.5032        0.220987       
55   0.385          62.6977        0.217062       
56   0.392          63.8944        0.213513       
57   0.399          65.0935        0.210334       
58   0.406          66.2951        0.207525       
59   0.413          67.4994        0.205083       
60   0.42           68.7062        0.203013       
61   0.427          69.9158        0.201318       
62   0.434          71.1281        0.200005       
63   0.441          72.3431        0.199085       
64   0.448          73.5609        0.198566       
65   0.455          74.7816        0.198463       
66   0.462          76.0051        0.198791       
67   0.469          77.2315        0.199568       
68   0.476          78.4608        0.200815       
69   0.483          79.6931        0.202557       
70   0.49           80.9284        0.204823       
71   0.497          82.1667        0.207648       
72   0.504          83.4081        0.211072       
73   0.511          84.6525        0.215146       
74   0.518          85.9001        0.219932       
75   0.525          87.1506        0.225503       
76   0.532          88.4042        0.231954       
77   0.539          89.6608        0.239398       
78   0.546          90.9201        0.247977       
79   0.553          92.182         0.257869       
80   0.56           93.4463        0.269294       
81   0.567          94.7126        0.282528       
82   0.574          95.9805        0.297918       
83   0.581          97.2495        0.315903       
84   0.588          98.5189        0.33704        
85   0.595          99.7878        0.362044       
86   0.602          101.055        0.391832       
87   0.609          102.32         0.427588       
88   0.616          103.58         0.470846       
89   0.623          104.833        0.523587       
90   0.63           106.077        0.588365       
91   0.637          107.308        0.668459       
92   0.644          108.523        0.76806        
93   0.651          109.717        0.892523       
94   0.658          110.886        1.04871        
95   0.665          112.022        1.2455         
96   0.672          113.121        1.49435        
97   0.679          114.178        1.80985        
98   0.686          115.186        2.20975        
99   0.693          116.141        2.71453        
1300           100            0.7
