INFO:
0    0              -6.89047       96.6011        
1    0.007          -5.18622       3.19663        
2    0.014          -3.76236       0.185328       
3    0.021          -2.50998       0.0151407      
4    0.028          -1.37634       0.00156845     
5    0.035          -0.328791      0.000193012    
6    0.042          0.652793       2.71014e-05    
7    0.049          1.58198        4.22581e-06    
8    0.056          2.46934        7.16405e-07    
9    0.063          3.32395        1.29676e-07    
10   0.07           4.15366        2.46705e-08    
11   0.077          4.96505        4.8687e-09     
12   0.084          5.76337        9.86281e-10    
13   0.091          6.55267        2.03435e-10    
14   0.098          7.33599        4.24657e-11    
15   0.105          8.11562        8.93023e-12    
16   0.112          8.89324        1.88551e-12    
17   0.119          9.67012        3.98691e-13    
18   0.126          10.4472        8.42671e-14    
19   0.133          11.2253        1.7777e-14     
20   0.14           12.0048        3.7389e-15     
21   0.147          12.7863        7.83301e-16    
22   0.154          13.5702        1.63344e-16    
23   0.161          14.3566        3.38853e-17    
24   0.168          15.1459        6.98948e-18    
25   0.175          15.9382        1.43293e-18    
26   0.182          16.7338        2.91876e-19    
27   0.189          17.5328        5.90516e-20    
28   0.196          18.3352        1.18633e-20    
29   0.203          19.1414        2.36597e-21    
30   0.21           19.9513        4.68323e-22    
31   0.217          20.765         9.19858e-23    
32   0.224          21.5828        1.79245e-23    
33   0.231          22.4046        3.46452e-24    
34   0.238          23.2305        6.6409e-25     
35   0.245          24.0607        1.26218e-25    
36   0.252          24.8953        2.37819e-26    
37   0.259          25.7342        4.44152e-27    
38   0.266          26.5777        8.22053e-28    
39   0.273          27.4258        1.50757e-28    
40   0.28           28.2785        2.73898e-29    
41   0.287          29.136         4.92904e-30    
42   0.294          29.9984        8.7846e-31     
43   0.301          30.8657        1.55022e-31    
44   0.308          31.738         2.7083e-32     
45   0.315          32.6155        4.68338e-33    
46   0.322          33.4981        8.01496e-34    
47   0.329          34.3861        1.3572e-34     
48   0.336          35.2794        2.27355e-35    
49   0.343          36.1782        3.76707e-36    
50   0.35           37.0826        6.17242e-37    
51   0.357          37.9927        9.99942e-38    
52   0.364          38.9085        1.60131e-38    
53   0.371          39.8303        2.53435e-39    
54   0.378          40.758         3.9633e-40     
55   0.385          41.6918        6.12285e-41    
56   0.392          42.6318        9.34244e-42    
57   0.399          43.5782        1.4076e-42     
58   0.406          44.531         2.09367e-43    
59   0.413          45.4903        3.07358e-44    
60   0.42           46.4563        4.45227e-45    
61   0.427          47.4291        6.36224e-46    
62   0.434          48.4088        8.96637e-47    
63   0.441          49.3956        1.24591e-47    
64   0.448          50.3897        1.70647e-48    
65   0.455          51.391         2.3032e-49     
66   0.462          52.3999        3.06237e-50    
67   0.469          53.4164        4.01002e-51    
68   0.476          54.4406        5.16968e-52    
69   0.483          55.4729        6.55947e-53    
70   0.49           56.5132        8.18877e-54    
71   0.497          57.5619        1.00546e-54    
72   0.504          58.619         1.21381e-55    
73   0.511          59.6848        1.4402e-56     
74   0.518          60.7595        1.67884e-57    
75   0.525          61.8431        1.92196e-58    
76   0.532          62.936         2.15997e-59    
77   0.539          64.0384        2.38199e-60    
78   0.546          65.1505        2.57647e-61    
79   0.553          66.2724        2.73218e-62    
80   0.56           67.4045        2.83913e-63    
81   0.567          68.547         2.88961e-64    
82   0.574          69.7001        2.87905e-65    
83   0.581          70.8641        2.80661e-66    
84   0.588          72.0394        2.67547e-67    
85   0.595          73.2261        2.49257e-68    
86   0.602          74.4245        2.26811e-69    
87   0.609          75.6351        2.01454e-70    
88   0.616          76.8581        1.74541e-71    
89   0.623          78.0939        1.4741e-72     
90   0.63           79.3428        1.21269e-73    
91   0.637          80.6052        9.71053e-75    
92   0.644          81.8815        7.56238e-76    
93   0.651          83.1721        5.72315e-77    
94   0.658          84.4775        4.20528e-78    
95   0.665          85.7981        2.99735e-79    
96   0.672          87.1344        2.07035e-80    
97   0.679          88.4869        1.38443e-81    
98   0.686          89.8561        8.95264e-83    
99   0.693          91.2427        5.59233e-84    
1300           100            0.7            

INFO:
0    0              -9.0225        71.0984        
1    0.007          -6.66671       19.3168        
2    0.014          -4.65298       5.93721        
3    0.021          -2.87566       2.07786        
4    0.028          -1.277         0.819819       
5    0.035          0.181503       0.360382       
6    0.042          1.52819        0.173637       
7    0.049          2.78552        0.0900777      
8    0.056          3.97193        0.0495301      
9    0.063          5.10253        0.0285195      
10   0.07           6.18954        0.0170472      
11   0.077          7.24264        0.0105126      
12   0.084          8.26933        0.00665812     
13   0.091          9.27541        0.00431571     
14   0.098          10.2654        0.00285472     
15   0.105          11.2428        0.0019222      
16   0.112          12.2104        0.00131454     
17   0.119          13.1705        0.000911139    
18   0.126          14.1251        0.000638846    
19   0.133          15.0758        0.000452312    
20   0.14           16.024         0.000322858    
21   0.147          16.9707        0.000232       
22   0.154          17.9171        0.000167613    
23   0.161          18.8639        0.000121613    
24   0.168          19.812         8.85277e-05    
25   0.175          20.7619        6.45999e-05    
26   0.182          21.7142        4.72192e-05    
27   0.189          22.6693        3.45512e-05    
28   0.196          23.6277        2.52945e-05    
29   0.203          24.5898        1.85182e-05    
30   0.21           25.5558        1.3552e-05     
31   0.217          26.526         9.91014e-06    
32   0.224          27.5008        7.23921e-06    
33   0.231          28.4803        5.28097e-06    
34   0.238          29.4647        3.84624e-06    
35   0.245          30.4544        2.79615e-06    
36   0.252          31.4493        2.0286e-06     
37   0.259          32.4499        1.46846e-06    
38   0.266          33.4561        1.06042e-06    
39   0.273          34.4683        7.63797e-07    
40   0.28           35.4864        5.48647e-07    
41   0.287          36.5108        3.92972e-07    
42   0.294          37.5415        2.80623e-07    
43   0.301          38.5788        1.99766e-07    
44   0.308          39.6227        1.41744e-07    
45   0.315          40.6734        1.00234e-07    
46   0.322          41.731         7.0633e-08     
47   0.329          42.7958        4.95939e-08    
48   0.336          43.8678        3.4692e-08     
49   0.343          44.9472        2.41748e-08    
50   0.35           46.0342        1.67796e-08    
51   0.357          47.1288        1.15994e-08    
52   0.364          48.2314        7.98514e-09    
53   0.371          49.3419        5.47358e-09    
54   0.378          50.4607        3.73557e-09    
55   0.385          51.5878        2.538e-09      
56   0.392          52.7233        1.71643e-09    
57   0.399          53.8676        1.15535e-09    
58   0.406          55.0207        7.73935e-10    
59   0.413          56.1829        5.15881e-10    
60   0.42           57.3542        3.42134e-10    
61   0.427          58.5349        2.25733e-10    
62   0.434          59.7252        1.48147e-10    
63   0.441          60.9253        9.67022e-11    
64   0.448          62.1354        6.27724e-11    
65   0.455          63.3557        4.05167e-11    
66   0.462          64.5863        2.60001e-11    
67   0.469          65.8276        1.65856e-11    
68   0.476          67.0797        1.05157e-11    
69   0.483          68.3429        6.62583e-12    
70   0.49           69.6174        4.14826e-12    
71   0.497          70.9035        2.58017e-12    
72   0.504          72.2014        1.59412e-12    
73   0.511          73.5114        9.78154e-13    
74   0.518          74.8337        5.95986e-13    
75   0.525          76.1687        3.6052e-13     
76   0.532          77.5167        2.16475e-13    
77   0.539          78.8779        1.28999e-13    
78   0.546          80.2527        7.62751e-14    
79   0.553          81.6414        4.47408e-14    
80   0.56           83.0443        2.6029e-14     
81   0.567          84.4618        1.50157e-14    
82   0.574          85.8943        8.5876e-15     
83   0.581          87.3422        4.86773e-15    
84   0.588          88.8059        2.73402e-15    
85   0.595          90.2857        1.52119e-15    
86   0.602          91.7822        8.3821e-16     
87   0.609          93.2957        4.57281e-16    
88   0.616          94.8269        2.46914e-16    
89   0.623          96.376         1.31917e-16    
90   0.63           97.9438        6.97124e-17    
91   0.637          99.5308        3.64266e-17    
92   0.644          101.137        1.88135e-17    
93   0.651          102.764        9.60062e-18    
94   0.658          104.412        4.83873e-18    
95   0.665          106.082        2.40758e-18    
96   0.672          107.774        1.18211e-18    
97   0.679          109.489        5.72472e-19    
98   0.686          111.228        2.7331e-19     
99   0.693          112.992        1.28568e-19    
1300           100            0.7            

INFO:
0    0              -10.6307       24.9387        
1    0.007          -8.1739        20.3765        
2    0.014          -6.012         15.1506        
3    0.021          -4.0657        10.8058        
4    0.028          -2.28779       7.55022        
5    0.035          -0.64616       5.23479        
6    0.042          0.883016       3.63403        
7    0.049          2.31881        2.54321        
8    0.056          3.6772         1.80301        
9    0.063          4.97182        1.29876        
10   0.07           6.21428        0.951726       
11   0.077          7.41429        0.70942        
12   0.084          8.57982        0.53742        
13   0.091          9.71727        0.413247       
14   0.098          10.8318        0.322146       
15   0.105          11.9273        0.25432        
16   0.112          13.0073        0.203154       
17   0.119          14.0742        0.164099       
18   0.126          15.1302        0.13397        
19   0.133          16.1772        0.1105         
20   0.14           17.2167        0.0920488      
21   0.147          18.25          0.0774175      
22   0.154          19.2783        0.0657184      
23   0.161          20.3026        0.0562886      
24   0.168          21.3238        0.0486289      
25   0.175          22.3427        0.0423603      
26   0.182          23.36          0.037193       
27   0.189          24.3764        0.0329037      
28   0.196          25.3925        0.0293193      
29   0.203          26.4088        0.0263048      
30   0.21           27.4258        0.0237538      
31   0.217          28.4439        0.0215824      
32   0.224          29.4637        0.0197236      
33   0.231          30.4855        0.018124       
34   0.238          31.5097        0.0167402      
35   0.245          32.5366        0.0155374      
36   0.252          33.5666        0.014487       
37   0.259          34.6           0.0135657      
38   0.266          35.6371        0.0127543      
39   0.273          36.6781        0.0120369      
40   0.28           37.7235        0.0114004      
41   0.287          38.7733        0.0108338      
42   0.294          39.828         0.010328       
43   0.301          40.8876        0.00987516     
44   0.308          41.9525        0.00946894     
45   0.315          43.0229        0.00910387     
46   0.322          44.0989        0.00877538     
47   0.329          45.1808        0.0084796      
48   0.336          46.2688        0.00821328     
49   0.343          47.363         0.00797367     
50   0.35           48.4636        0.00775849     
51   0.357          49.5709        0.00756581     
52   0.364          50.6849        0.00739406     
53   0.371          51.8059        0.00724193     
54   0.378          52.9339        0.00710839     
55   0.385          54.0692        0.00699265     
56   0.392          55.2119        0.00689409     
57   0.399          56.3621        0.00681232     
58   0.406          57.52          0.0067471      
59   0.413          58.6858        0.00669839     
60   0.42           59.8595        0.00666629     
61   0.427          61.0414        0.00665107     
62   0.434          62.2316        0.00665318     
63   0.441          63.4302        0.00667323     
64   0.448          64.6373        0.00671199     
65   0.455          65.8533        0.00677046     
66   0.462          67.0781        0.00684981     
67   0.469          68.312         0.00695147     
68   0.476          69.5552        0.00707712     
69   0.483          70.8077        0.00722873     
70   0.49           72.07          0.00740862     
71   0.497          73.342         0.00761951     
72   0.504          74.6241        0.00786457     
73   0.511          75.9164        0.00814755     
74   0.518          77.2192        0.00847286     
75   0.525          78.5326        0.00884572     
76   0.532          79.8571        0.00927235     
77   0.539          81.1926        0.00976019     
78   0.546          82.5396        0.0103182      
79   0.553          83.8982        0.0109573      
80   0.56           85.2688        0.0116908      
81   0.567          86.6514        0.0125352      
82   0.574          88.0465        0.0135111      
83   0.581          89.4541        0.0146446      
84   0.588          90.8744        0.0159691      
85   0.595          92.3077        0.0175279      
86   0.602          93.754         0.0193786      
87   0.609          95.2133        0.0215991      
88   0.616          96.6855        0.0242973      
89   0.623          98.1705        0.0276277      
90   0.63           99.6677        0.0318193      
91   0.637          101.176        0.0372273      
92   0.644          102.694        0.0444309      
93   0.651          104.22         0.054432       
94   0.658          105.749        0.069077       
95   0.665          107.275        0.092004       
96   0.672          108.791        0.130877       
97   0.679          110.286        0.202927       
98   0.686          111.754        0.34935        
99   0.693          113.189        0.674443       
1300           100            0.7            

INFO:
0    0              -12.159        21.2552        
1    0.007          -9.61292       17.7796        
2    0.014          -7.33281       14.036         
3    0.021          -5.25452       10.7795        
4    0.028          -3.33725       8.15733        
5    0.035          -1.55222       6.12348        
6    0.042          0.122277       4.57899        
7    0.049          1.70365        3.42229        
8    0.056          3.20636        2.56429        
9    0.063          4.6426         1.9318         
10   0.07           6.02275        1.46678        
11   0.077          7.35561        1.12453        
12   0.084          8.64862        0.871446       
13   0.091          9.908          0.682859       
14   0.098          11.139         0.540947       
15   0.105          12.3459        0.432994       
16   0.112          13.5322        0.349968       
17   0.119          14.701         0.285445       
18   0.126          15.8547        0.234825       
19   0.133          16.9951        0.194779       
20   0.14           18.1241        0.162865       
21   0.147          19.2429        0.137265       
22   0.154          20.3527        0.11661        
23   0.161          21.4546        0.0998552      
24   0.168          22.5493        0.0861936      
25   0.175          23.6378        0.0749978      
26   0.182          24.7207        0.0657764      
27   0.189          25.7988        0.0581426      
28   0.196          26.8727        0.0517903      
29   0.203          27.9432        0.0464767      
30   0.21           29.0107        0.0420086      
31   0.217          30.076         0.0382317      
32   0.224          31.1396        0.0350225      
33   0.231          32.2022        0.0322817      
34   0.238          33.2642        0.0299294      
35   0.245          34.3262        0.0279008      
36   0.252          35.3887        0.0261437      
37   0.259          36.4522        0.024615       
38   0.266          37.5171        0.02328        
39   0.273          38.584         0.0221097      
40   0.28           39.6532        0.0210803      
41   0.287          40.7251        0.0201723      
42   0.294          41.8           0.0193691      
43   0.301          42.8784        0.0186571      
44   0.308          43.9605        0.0180246      
45   0.315          45.0467        0.0174619      
46   0.322          46.1373        0.0169608      
47   0.329          47.2326        0.0165143      
48   0.336          48.3327        0.0161163      
49   0.343          49.4381        0.0157618      
50   0.35           50.5488        0.0154465      
51   0.357          51.6652        0.0151665      
52   0.364          52.7875        0.0149186      
53   0.371          53.9158        0.0147001      
54   0.378          55.0504        0.0145086      
55   0.385          56.1915        0.0143422      
56   0.392          57.3392        0.0141991      
57   0.399          58.4937        0.0140779      
58   0.406          59.6552        0.0139776      
59   0.413          60.8238        0.0138972      
60   0.42           61.9998        0.013836       
61   0.427          63.1832        0.0137938      
62   0.434          64.3742        0.0137703      
63   0.441          65.573         0.0137657      
64   0.448          66.7796        0.0137802      
65   0.455          67.9943        0.0138147      
66   0.462          69.2171        0.01387        
67   0.469          70.4482        0.0139474      
68   0.476          71.6878        0.0140486      
69   0.483          72.9359        0.0141758      
70   0.49           74.1926        0.0143315      
71   0.497          75.4582        0.0145188      
72   0.504          76.7326        0.0147415      
73   0.511          78.0161        0.0150039      
74   0.518          79.3088        0.0153114      
75   0.525          80.6106        0.0156704      
76   0.532          81.9219        0.0160882      
77   0.539          83.2426        0.0165741      
78   0.546          84.5728        0.0171388      
79   0.553          85.9126        0.0177956      
80   0.56           87.2621        0.0185607      
81   0.567          88.6213        0.0194544      
82   0.574          89.9901        0.0205018      
83   0.581          91.3685        0.0217347      
84   0.588          92.7563        0.0231942      
85   0.595          94.1535        0.0249332      
86   0.602          95.5595        0.0270209      
87   0.609          96.9741        0.0295494      
88   0.616          98.3966        0.0326421      
89   0.623          99.8262        0.036466       
90   0.63           101.262        0.0412506      
91   0.637          102.702        0.0473131      
92   0.644          104.144        0.0550967      
93   0.651          105.585        0.0652228      
94   0.658          107.021        0.0785615      
95   0.665          108.445        0.0963218      
96   0.672          109.85         0.120167       
97   0.679          111.227        0.152405       
98   0.686          112.568        0.196391       
99   0.693          113.867        0.257354       
1300           100            0.7            

INFO:
0    0              -13.6732       20.662         
1    0.007          -11.0396       17.3451        
2    0.014          -8.64704       13.8525        
3    0.021          -6.44226       10.7562        
4    0.028          -4.39001       8.21135        
5    0.035          -2.46529       6.20982        
6    0.042          -0.64908       4.67726        
7    0.049          1.07394        3.52341        
8    0.056          2.71646        2.66388        
9    0.063          4.28921        2.02743        
10   0.07           5.80133        1.55712        
11   0.077          7.26069        1.20905        
12   0.084          8.67412        0.950271       
13   0.091          10.0475        0.756545       
14   0.098          11.3859        0.610257       
15   0.105          12.6937        0.498692       
16   0.112          13.9748        0.41269        
17   0.119          15.2322        0.345641       
18   0.126          16.4689        0.292759       
19   0.133          17.6872        0.250559       
20   0.14           18.8892        0.216488       
21   0.147          20.0768        0.188664       
22   0.154          21.2516        0.165685       
23   0.161          22.4149        0.146507       
24   0.168          23.5682        0.130336       
25   0.175          24.7124        0.116571       
26   0.182          25.8488        0.104751       
27   0.189          26.9783        0.094516       
28   0.196          28.1019        0.0855877      
29   0.203          29.2203        0.0777455      
30   0.21           30.3346        0.0708149      
31   0.217          31.4453        0.0646559      
32   0.224          32.5534        0.0591561      
33   0.231          33.6595        0.054224       
34   0.238          34.7642        0.0497852      
35   0.245          35.8681        0.0457781      
36   0.252          36.9719        0.042152       
37   0.259          38.076         0.0388641      
38   0.266          39.181         0.0358787      
39   0.273          40.2871        0.0331651      
40   0.28           41.395         0.0306973      
41   0.287          42.5048        0.0284523      
42   0.294          43.617         0.0264103      
43   0.301          44.7318        0.0245536      
44   0.308          45.8496        0.0228666      
45   0.315          46.9704        0.0213353      
46   0.322          48.0947        0.0199468      
47   0.329          49.2225        0.0186898      
48   0.336          50.354         0.0175538      
49   0.343          51.4894        0.0165293      
50   0.35           52.6288        0.0156075      
51   0.357          53.7725        0.0147806      
52   0.364          54.9204        0.0140413      
53   0.371          56.0727        0.0133831      
54   0.378          57.2296        0.0128         
55   0.385          58.3911        0.0122865      
56   0.392          59.5574        0.011838       
57   0.399          60.7286        0.0114498      
58   0.406          61.9048        0.0111183      
59   0.413          63.0861        0.0108399      
60   0.42           64.2727        0.0106116      
61   0.427          65.4647        0.0104308      
62   0.434          66.6622        0.0102953      
63   0.441          67.8655        0.0102032      
64   0.448          69.0746        0.0101531      
65   0.455          70.2897        0.0101438      
66   0.462          71.511         0.0101747      
67   0.469          72.7387        0.0102454      
68   0.476          73.9729        0.0103558      
69   0.483          75.2137        0.0105065      
70   0.49           76.4615        0.0106982      
71   0.497          77.7162        0.0109324      
72   0.504          78.9781        0.0112111      
73   0.511          80.2472        0.011537       
74   0.518          81.5238        0.0119135      
75   0.525          82.8079        0.0123453      
76   0.532          84.0996        0.0128379      
77   0.539          85.3989        0.0133988      
78   0.546          86.7058        0.0140372      
79   0.553          88.0204        0.0147644      
80   0.56           89.3425        0.0155947      
81   0.567          90.6721        0.0165459      
82   0.574          92.0089        0.0176395      
83   0.581          93.3527        0.0189021      
84   0.588          94.7033        0.0203651      
85   0.595          96.0603        0.0220659      
86   0.602          97.4234        0.0240477      
87   0.609          98.7921        0.0263589      
88   0.616          100.166        0.0290517      
89   0.623          101.544        0.0321785      
90   0.63           102.927        0.0357862      
91   0.637          104.312        0.0399052      
92   0.644          105.699        0.0445329      
93   0.651          107.087        0.0496064      
94   0.658          108.471        0.0549636      
95   0.665          109.849        0.060298       
96   0.672          111.216        0.0651331      
97   0.679          112.565        0.0688747      
98   0.686          113.89         0.0710021      
99   0.693          115.187        0.0713432      
1300           100            0.7            

INFO:
0    0              -15.1916       20.8411        
1    0.007          -12.4242       15.9467        
2    0.014          -9.90242       12.3142        
3    0.021          -7.57198       9.57774        
4    0.028          -5.39696       7.49259        
5    0.035          -3.35215       5.89267        
6    0.042          -1.41849       4.65911        
7    0.049          0.419272       3.70371        
8    0.056          2.17383        2.96023        
9    0.063          3.85588        2.37893        
10   0.07           5.47451        1.92251        
11   0.077          7.03744        1.56283        
12   0.084          8.55129        1.27846        
13   0.091          10.0217        1.05288        
14   0.098          11.4536        0.873299       
15   0.105          12.8513        0.729706       
16   0.112          14.2184        0.614306       
17   0.119          15.5582        0.521013       
18   0.126          16.8736        0.445093       
19   0.133          18.1672        0.382869       
20   0.14           19.4413        0.331492       
21   0.147          20.6979        0.288751       
22   0.154          21.9389        0.252933       
23   0.161          23.1659        0.222707       
24   0.168          24.3804        0.197031       
25   0.175          25.5837        0.175091       
26   0.182          26.777         0.156243       
27   0.189          27.9615        0.139976       
28   0.196          29.1381        0.12588        
29   0.203          30.3078        0.113623       
30   0.21           31.4714        0.102934       
31   0.217          32.6297        0.0935914      
32   0.224          33.7836        0.0854086      
33   0.231          34.9335        0.0782302      
34   0.238          36.0802        0.0719243      
35   0.245          37.2243        0.0663783      
36   0.252          38.3663        0.0614952      
37   0.259          39.5067        0.057191       
38   0.266          40.646         0.0533927      
39   0.273          41.7846        0.0500363      
40   0.28           42.9231        0.0470656      
41   0.287          44.0617        0.0444313      
42   0.294          45.201         0.0420897      
43   0.301          46.3412        0.0400024      
44   0.308          47.4829        0.0381353      
45   0.315          48.6262        0.0364583      
46   0.322          49.7717        0.0349451      
47   0.329          50.9195        0.0335721      
48   0.336          52.07          0.032319       
49   0.343          53.2236        0.0311678      
50   0.35           54.3804        0.030103       
51   0.357          55.5408        0.0291112      
52   0.364          56.7049        0.028181       
53   0.371          57.8731        0.0273028      
54   0.378          59.0455        0.0264688      
55   0.385          60.2223        0.0256727      
56   0.392          61.4036        0.0249096      
57   0.399          62.5898        0.0241761      
58   0.406          63.7808        0.0234698      
59   0.413          64.9768        0.0227896      
60   0.42           66.178         0.0221353      
61   0.427          67.3844        0.0215076      
62   0.434          68.5961        0.0209077      
63   0.441          69.8131        0.0203379      
64   0.448          71.0356        0.0198006      
65   0.455          72.2636        0.0192989      
66   0.462          73.497         0.0188362      
67   0.469          74.736         0.0184161      
68   0.476          75.9804        0.0180425      
69   0.483          77.2303        0.0177197      
70   0.49           78.4856        0.0174519      
71   0.497          79.7463        0.0172437      
72   0.504          81.0124        0.0171001      
73   0.511          82.2837        0.017026       
74   0.518          83.5603        0.0170271      
75   0.525          84.842         0.0171092      
76   0.532          86.1287        0.0172787      
77   0.539          87.4204        0.0175424      
78   0.546          88.7171        0.0179081      
79   0.553          90.0186        0.0183838      
80   0.56           91.3248        0.0189789      
81   0.567          92.6356        0.0197033      
82   0.574          93.9509        0.0205686      
83   0.581          95.2705        0.0215882      
84   0.588          96.5943        0.0227781      
85   0.595          97.9219        0.0241589      
86   0.602          99.2529        0.025758       
87   0.609          100.587        0.0276143      
88   0.616          101.923        0.0297851      
89   0.623          103.26         0.0323567      
90   0.63           104.596        0.0354617      
91   0.637          105.93         0.0393047      
92   0.644          107.259        0.0442008      
93   0.651          108.578        0.0506336      
94   0.658          109.883        0.0593421      
95   0.665          111.169        0.0714569      
96   0.672          112.427        0.0887353      
97   0.679          113.65         0.114035       
98   0.686          114.831        0.152387       
99   0.693          115.959        0.213474       
1300           100            0.7            

INFO:
0    0              -16.6028       16.816         
1    0.007          -13.7498       14.171         
2    0.014          -11.1325       11.7072        
3    0.021          -8.70263       9.59556        
4    0.028          -6.42694       7.84568        
5    0.035          -4.28102       6.40923        
6    0.042          -2.24552       5.22809        
7    0.049          -0.304603      4.25354        
8    0.056          1.55471        3.44957        
9    0.063          3.34292        2.78971        
10   0.07           5.0684         2.25293        
11   0.077          6.7378         1.82082        
12   0.084          8.35647        1.47645        
13   0.091          9.92885        1.20414        
14   0.098          11.4588        0.98985        
15   0.105          12.9497        0.821389       
16   0.112          14.4049        0.688617       
17   0.119          15.8277        0.583357       
18   0.126          17.221         0.499195       
19   0.133          18.5878        0.4312         
20   0.14           19.9309        0.375635       
21   0.147          21.2527        0.329692       
22   0.154          22.5556        0.291268       
23   0.161          23.8418        0.258783       
24   0.168          25.1129        0.231052       
25   0.175          26.3708        0.207174       
26   0.182          27.6167        0.186462       
27   0.189          28.8522        0.168386       
28   0.196          30.0783        0.15253        
29   0.203          31.296         0.138567       
30   0.21           32.5062        0.126232       
31   0.217          33.7098        0.115311       
32   0.224          34.9075        0.105624       
33   0.231          36.0999        0.0970205      
34   0.238          37.2877        0.0893724      
35   0.245          38.4714        0.0825686      
36   0.252          39.6515        0.0765122      
37   0.259          40.8284        0.0711183      
38   0.266          42.0027        0.0663121      
39   0.273          43.1747        0.0620274      
40   0.28           44.345         0.0582058      
41   0.287          45.5138        0.0547955      
42   0.294          46.6816        0.0517509      
43   0.301          47.8489        0.0490319      
44   0.308          49.0159        0.046603       
45   0.315          50.1831        0.0444336      
46   0.322          51.3508        0.0424968      
47   0.329          52.5194        0.0407692      
48   0.336          53.6892        0.0392309      
49   0.343          54.8604        0.0378646      
50   0.35           56.0335        0.0366557      
51   0.357          57.2086        0.0355919      
52   0.364          58.386         0.0346629      
53   0.371          59.5658        0.0338602      
54   0.378          60.7484        0.033177       
55   0.385          61.9339        0.0326079      
56   0.392          63.1223        0.0321488      
57   0.399          64.314         0.0317967      
58   0.406          65.5089        0.0315495      
59   0.413          66.7072        0.0314064      
60   0.42           67.909         0.0313668      
61   0.427          69.1143        0.0314311      
62   0.434          70.3233        0.0316001      
63   0.441          71.5361        0.0318751      
64   0.448          72.7526        0.0322575      
65   0.455          73.973         0.0327488      
66   0.462          75.1974        0.0333507      
67   0.469          76.4257        0.0340644      
68   0.476          77.6581        0.0348909      
69   0.483          78.8948        0.0358308      
70   0.49           80.1356        0.0368841      
71   0.497          81.3808        0.03805        
72   0.504          82.6303        0.0393274      
73   0.511          83.8843        0.0407142      
74   0.518          85.1428        0.0422082      
75   0.525          86.4059        0.043807       
76   0.532          87.6736        0.0455084      
77   0.539          88.9459        0.047311       
78   0.546          90.2229        0.0492149      
79   0.553          91.5043        0.0512222      
80   0.56           92.7903        0.0533385      
81   0.567          94.0806        0.0555736      
82   0.574          95.375         0.0579432      
83   0.581          96.6733        0.0604708      
84   0.588          97.9751        0.0631905      
85   0.595          99.2798        0.0661503      
86   0.602          100.587        0.0694171      
87   0.609          101.895        0.0730837      
88   0.616          103.203        0.077278       
89   0.623          104.509        0.0821745      
90   0.63           105.812        0.0880097      
91   0.637          107.107        0.0950987      
92   0.644          108.391        0.103851       
93   0.651          109.661        0.114781       
94   0.658          110.909        0.128498       
95   0.665          112.132        0.145662       
96   0.672          113.322        0.166878       
97   0.679          114.474        0.192525       
98   0.686          115.582        0.222528       
99   0.693          116.64         0.256185       
1300           100            0.7            

INFO:
0    0              -17.28         3.87469        
1    0.007          -14.435        3.93666        
2    0.014          -11.8252       3.99639        
3    0.021          -9.3981        4.01865        
4    0.028          -7.11855       3.98772        
5    0.035          -4.96192       3.90322        
6    0.042          -2.90951       3.77344        
7    0.049          -0.946529      3.61052        
8    0.056          0.938908       3.4267         
9    0.063          2.75636        3.23205        
10   0.07           4.51351        3.03367        
11   0.077          6.2166         2.83599        
12   0.084          7.87078        2.6416         
13   0.091          9.4804         2.452          
14   0.098          11.0492        2.26828        
15   0.105          12.5807        2.09146        
16   0.112          14.0781        1.92259        
17   0.119          15.5443        1.76267        
18   0.126          16.9821        1.6126         
19   0.133          18.3941        1.47303        
20   0.14           19.7829        1.34428        
21   0.147          21.1507        1.2264         
22   0.154          22.4993        1.11918        
23   0.161          23.8308        1.02219        
24   0.168          25.1466        0.934844       
25   0.175          26.4482        0.856492       
26   0.182          27.7369        0.786423       
27   0.189          29.0137        0.723913       
28   0.196          30.2798        0.668255       
29   0.203          31.536         0.618765       
30   0.21           32.7831        0.574799       
31   0.217          34.0218        0.535759       
32   0.224          35.253         0.501092       
33   0.231          36.4771        0.470293       
34   0.238          37.6949        0.442904       
35   0.245          38.9069        0.418513       
36   0.252          40.1137        0.39675        
37   0.259          41.3158        0.377287       
38   0.266          42.5137        0.359831       
39   0.273          43.7081        0.344126       
40   0.28           44.8994        0.329949       
41   0.287          46.0881        0.317105       
42   0.294          47.2747        0.305427       
43   0.301          48.4597        0.294771       
44   0.308          49.6435        0.285015       
45   0.315          50.8267        0.276057       
46   0.322          52.0096        0.267809       
47   0.329          53.1926        0.260201       
48   0.336          54.376         0.253172       
49   0.343          55.5603        0.246674       
50   0.35           56.7457        0.240667       
51   0.357          57.9324        0.235118       
52   0.364          59.1208        0.230001       
53   0.371          60.311         0.225296       
54   0.378          61.5032        0.220987       
55   0.385          62.6977        0.217062       
56   0.392          63.8944        0.213513       
57   0.399          65.0935        0.210334       
58   0.406          66.2951        0.207525       
59   0.413          67.4994        0.205083       
60   0.42           68.7062        0.203013       
61   0.427          69.9158        0.201318       
62   0.434          71.1281        0.200005       
63   0.441          72.3431        0.199085       
64   0.448          73.5609        0.198566       
65   0.455          74.7816        0.198463       
66   0.462          76.0051        0.198791       
67   0.469          77.2315        0.199568       
68   0.476          78.4608        0.200815       
69   0.483          79.6931        0.202557       
70   0.49           80.9284        0.204823       
71   0.497          82.1667        0.207648       
72   0.504          83.4081        0.211072       
73   0.511          84.6525        0.215146       
74   0.518          85.9001        0.219932       
75   0.525          87.1506        0.225503       
76   0.532          88.4042        0.231954       
77   0.539          89.6608        0.239398       
78   0.546          90.9201        0.247977       
79   0.553          92.182         0.257869       
80   0.56           93.4463        0.269294       
81   0.567          94.7126        0.282528       
82   0.574          95.9805        0.297918       
83   0.581          97.2495        0.315903       
84   0.588          98.5189        0.33704        
85   0.595          99.7878        0.362044       
86   0.602          101.055        0.391832       
87   0.609          102.32         0.427588       
88   0.616          103.58         0.470846       
89   0.623          104.833        0.523587       
90   0.63           106.077        0.588365       
91   0.637          107.308        0.668459       
92   0.644          108.523        0.76806        
93   0.651          109.717        0.892523       
94   0.658          110.886        1.04871        
95   0.665          112.022        1.2455         
96   0.672          113.121        1.49435        
97   0.679          114.178        1.80985        
98   0.686          115.186        2.20975        
99   0.693          116.141        2.71453        
1300           100            0.7            

INFO:
0    0              -17.4665       1.45191        
1    0.007          -14.6895       1.66372        
2    0.014          -12.1318       1.84633        
3    0.021          -9.73894       1.97717        
4    0.028          -7.47755       2.05031        
5    0.035          -5.3271        2.07584        
6    0.042          -3.27305       2.06903        
7    0.049          -1.30364       2.04258        
8    0.056          0.59125        2.00434        
9    0.063          2.42034        1.95823        
10   0.07           4.19105        1.90585        
11   0.077          5.90959        1.84788        
12   0.084          7.58113        1.7848         
13   0.091          9.21003        1.71727        
14   0.098          10.8           1.64615        
15   0.105          12.3544        1.57252        
16   0.112          13.8762        1.49755        
17   0.119          15.3681        1.42239        
18   0.126          16.8327        1.34812        
19   0.133          18.2724        1.27562        
20   0.14           19.6894        1.20562        
21   0.147          21.0857        1.13864        
22   0.154          22.4632        1.07507        
23   0.161          23.8233        1.01511        
24   0.168          25.1676        0.958882       
25   0.175          26.4974        0.906378       
26   0.182          27.8137        0.857527       
27   0.189          29.1177        0.812193       
28   0.196          30.4104        0.770196       
29   0.203          31.6924        0.731325       
30   0.21           32.9647        0.69536        
31   0.217          34.228         0.662074       
32   0.224          35.483         0.631249       
33   0.231          36.7303        0.602685       
34   0.238          37.9706        0.576198       
35   0.245          39.2044        0.551628       
36   0.252          40.4322        0.528839       
37   0.259          41.6547        0.507713       
38   0.266          42.8723        0.488152       
39   0.273          44.0855        0.470074       
40   0.28           45.2949        0.453406       
41   0.287          46.5007        0.438087       
42   0.294          47.7036        0.424058       
43   0.301          48.9039        0.411266       
44   0.308          50.1021        0.399657       
45   0.315          51.2985        0.389178       
46   0.322          52.4937        0.379774       
47   0.329          53.6878        0.371389       
48   0.336          54.8814        0.363966       
49   0.343          56.0747        0.357446       
50   0.35           57.2681        0.351769       
51   0.357          58.4618        0.346876       
52   0.364          59.6562        0.342705       
53   0.371          60.8516        0.339198       
54   0.378          62.0481        0.336299       
55   0.385          63.246         0.333951       
56   0.392          64.4455        0.332104       
57   0.399          65.6468        0.33071        
58   0.406          66.8499        0.329729       
59   0.413          68.055         0.329124       
60   0.42           69.2623        0.328868       
61   0.427          70.4717        0.328943       
62   0.434          71.6834        0.329338       
63   0.441          72.8973        0.330056       
64   0.448          74.1136        0.33111        
65   0.455          75.3321        0.332526       
66   0.462          76.5529        0.334345       
67   0.469          77.7759        0.336619       
68   0.476          79.0011        0.339418       
69   0.483          80.2284        0.342823       
70   0.49           81.4577        0.346934       
71   0.497          82.689         0.351864       
72   0.504          83.9221        0.357744       
73   0.511          85.1568        0.364722       
74   0.518          86.3932        0.37297        
75   0.525          87.6309        0.38268        
76   0.532          88.8698        0.394081       
77   0.539          90.1097        0.407436       
78   0.546          91.3502        0.423061       
79   0.553          92.591         0.441339       
80   0.56           93.8316        0.462738       
81   0.567          95.0715        0.48784        
82   0.574          96.31          0.517374       
83   0.581          97.5464        0.552263       
84   0.588          98.7796        0.593679       
85   0.595          100.009        0.643116       
86   0.602          101.232        0.702491       
87   0.609          102.448        0.77427        
88   0.616          103.654        0.861644       
89   0.623          104.849        0.968786       
90   0.63           106.029        1.10122        
91   0.637          107.19         1.26636        
92   0.644          108.329        1.47437        
93   0.651          109.441        1.73936        
94   0.658          110.519        2.08118        
95   0.665          111.558        2.52776        
96   0.672          112.553        3.11811        
97   0.679          113.496        3.90571        
98   0.686          114.385        4.96194        
99   0.693          115.215        6.37971        
1300           100            0.7            

INFO:
0    0              -17.1224       0.502497       
1    0.007          -14.4533       0.623547       
2    0.014          -11.9631       0.713579       
3    0.021          -9.61445       0.779599       
4    0.028          -7.38301       0.827713       
5    0.035          -5.25186       0.860294       
6    0.042          -3.20793       0.877888       
7    0.049          -1.24045       0.881281       
8    0.056          0.659517       0.872376       
9    0.063          2.49925        0.853997       
10   0.07           4.28468        0.829223       
11   0.077          6.02066        0.800789       
12   0.084          7.71132        0.770763       
13   0.091          9.36024        0.740504       
14   0.098          10.9707        0.710791       
15   0.105          12.5458        0.682008       
16   0.112          14.0883        0.654308       
17   0.119          15.6009        0.627737       
18   0.126          17.0862        0.602298       
19   0.133          18.5465        0.577977       
20   0.14           19.9841        0.554754       
21   0.147          21.4007        0.532605       
22   0.154          22.7984        0.511494       
23   0.161          24.1786        0.491383       
24   0.168          25.5427        0.472234       
25   0.175          26.8922        0.45401        
26   0.182          28.228         0.436684       
27   0.189          29.5512        0.420234       
28   0.196          30.8627        0.404645       
29   0.203          32.1633        0.389906       
30   0.21           33.4538        0.376007       
31   0.217          34.7348        0.362934       
32   0.224          36.007         0.350663       
33   0.231          37.2709        0.339166       
34   0.238          38.5273        0.328402       
35   0.245          39.7767        0.318327       
36   0.252          41.0196        0.308886       
37   0.259          42.2567        0.300025       
38   0.266          43.4883        0.291687       
39   0.273          44.7152        0.283821       
40   0.28           45.9378        0.27638        
41   0.287          47.1567        0.269323       
42   0.294          48.3721        0.26262        
43   0.301          49.5847        0.256249       
44   0.308          50.7949        0.250195       
45   0.315          52.0029        0.244452       
46   0.322          53.2093        0.239023       
47   0.329          54.4142        0.233913       
48   0.336          55.6181        0.229134       
49   0.343          56.8212        0.224699       
50   0.35           58.0237        0.220625       
51   0.357          59.2259        0.216929       
52   0.364          60.428         0.213629       
53   0.371          61.6302        0.210742       
54   0.378          62.8325        0.208287       
55   0.385          64.0353        0.20628        
56   0.392          65.2385        0.204739       
57   0.399          66.4424        0.20368        
58   0.406          67.6469        0.203119       
59   0.413          68.8521        0.203075       
60   0.42           70.0582        0.203564       
61   0.427          71.265         0.204606       
62   0.434          72.4728        0.206219       
63   0.441          73.6814        0.208426       
64   0.448          74.8909        0.211249       
65   0.455          76.1013        0.214717       
66   0.462          77.3126        0.218862       
67   0.469          78.5246        0.223723       
68   0.476          79.7374        0.229347       
69   0.483          80.9508        0.235795       
70   0.49           82.1648        0.243144       
71   0.497          83.3791        0.251494       
72   0.504          84.5937        0.260972       
73   0.511          85.8083        0.271744       
74   0.518          87.0225        0.284019       
75   0.525          88.2361        0.298066       
76   0.532          89.4487        0.314226       
77   0.539          90.6596        0.332925       
78   0.546          91.8684        0.354698       
79   0.553          93.0745        0.380209       
80   0.56           94.277         0.410284       
81   0.567          95.4752        0.445951       
82   0.574          96.6682        0.488493       
83   0.581          97.8549        0.539528       
84   0.588          99.0341        0.601119       
85   0.595          100.204        0.675945       
86   0.602          101.364        0.76755        
87   0.609          102.511        0.880726       
88   0.616          103.643        1.02209        
89   0.623          104.757        1.20101        
90   0.63           105.849        1.43097        
91   0.637          106.916        1.73189        
92   0.644          107.95         2.13373        
93   0.651          108.947        2.68257        
94   0.658          109.9          3.45044        
95   0.665          110.801        4.55117        
96   0.672          111.643        6.16451        
97   0.679          112.422        8.56986        
98   0.686          113.135        12.1879        
99   0.693          113.78         17.6222        
1300           100            0.7            

